---------------------------  data, labels -------------------------
[107. 361. 123. 627.]0
[203. 701. 547. 438.]0
[313.  48. 634. 319.]0
[570. 413. 152. 342.]0
[481. 701.  24. 107.]0
[129. 516. 565. 414.]0
[635. 140. 628.  51.]0
[ 36. 701. 296. 665.]0
[358. 480. 326.  73.]0
[710. 151.  50.  53.]1
[ 26. 771. 338. 151.]0
[603.  48. 446. 438.]0
[ 44. 657. 152. 628.]0
[258. 267. 540.  39.]1
[696. 664. 361. 354.]0
[478. 758. 152. 695.]0
[107. 495. 281. 340.]0
[111. 476. 457. 413.]0
[270. 800. 420. 714.]0
[684. 362. 380. 667.]0
[ 63.   6. 122. 619.]1
[490.   5. 127. 381.]1
[657. 266. 665. 354.]0
[618. 413. 464. 534.]0
[ 42. 701. 148. 483.]0
[617. 330. 257. 541.]0
[387. 483.  98. 544.]1
[481.  15. 536. 273.]0
[ 83. 512.  39. 727.]1
[360. 701. 411. 667.]0
[105. 768. 123. 653.]0
[625. 143. 464. 112.]0
[594. 772. 117. 330.]1
[327. 160. 339. 393.]0
[291. 469. 692. 319.]0
[618.  42. 152.  29.]0
[118. 361. 350. 422.]0
[478.  60. 462. 445.]0
[582. 742. 685. 599.]0
[603. 497. 152. 152.]0
[478. 701. 258. 645.]0
[396. 341. 204. 639.]0
[478.  85. 152. 639.]0
[647. 143. 452. 112.]0
[ 92.  36. 463. 420.]0
[343. 707. 122. 648.]1
[640. 383. 647.  43.]0
[399.  48. 421. 138.]0
[127. 767. 123. 221.]0
[532.  76. 457. 650.]0
[ 68. 207. 633. 124.]0
[444. 207. 123. 654.]0
[590. 351. 559. 146.]0
[618. 456.  38. 714.]1
[709. 687.  45. 295.]1
[618. 401. 168. 311.]0
[197. 464. 682.  84.]0
[709. 724. 616. 147.]0
[147. 700. 714. 365.]0
[ 76. 609. 152. 621.]0
[  9.  86. 255.  61.]0
[147.  50. 112. 353.]1
[640. 428. 152. 465.]0
[173. 550. 162. 743.]0
[618. 455. 597. 712.]0
[127. 207. 451. 648.]0
[400. 361. 521. 272.]0
[361. 453. 543. 323.]0
[ 98. 135. 375.  43.]0
[367. 136. 536. 137.]0
[455. 756. 380. 445.]0
[151.  68.  50. 207.]1
[188. 423.  94. 575.]1
[269. 658.  23. 353.]1
[166. 771. 164.  39.]1
[548. 487. 356. 330.]0
[625. 775. 682. 479.]0
[709. 179. 464. 541.]0
[210. 800. 712. 719.]1
[608. 700.  51. 741.]1
[177.  48. 591. 732.]0
[230.  70. 233. 168.]0
[400. 351. 627. 433.]0
[617.  48. 299. 184.]0
[102. 801. 414. 726.]0
[640. 281. 419.  61.]0
[696.  66. 157. 534.]0
[173.  66. 150. 741.]0
[400. 418. 628. 265.]0
[687. 293. 166. 373.]0
[465. 469. 123. 424.]0
[295. 469. 123. 256.]0
[194. 153.  43.  73.]1
[109.  70. 644. 446.]0
[210. 729. 628. 713.]0
[166. 748. 523. 639.]0
[129. 540.  84. 478.]0
[210.  96. 395. 319.]0
[385. 641.  52. 252.]1
[ 82. 646. 540.  39.]0
[117. 349.  50.  66.]0
[640. 791.  99. 100.]1
[129. 125.  94. 363.]1
[630. 733.  83. 438.]0
[407. 303. 365. 639.]0
[682.  89. 457. 331.]0
[ 52. 362. 517. 675.]0
[682. 462. 161. 639.]0
[ 42. 300. 166. 328.]0
[118. 361. 381. 741.]0
[640. 242. 571. 729.]0
[ 48. 328. 147. 103.]0
[453. 714. 618. 121.]0
[ 48.  65. 556.  46.]0
[618. 336.  55. 703.]1
[154. 723.  50. 723.]1
[311.  48. 668. 342.]0
[400. 320. 647. 112.]0
[129. 410.  72.  15.]1
[557.  88. 684. 146.]0
[127. 712. 419.  43.]0
[ 80. 423. 346.  73.]0
[271. 279. 584. 665.]0
[584. 757. 538.  73.]0
[154. 707. 380.  72.]0
[338. 504. 678. 510.]0
[ 85. 163. 531. 105.]0
[709. 630. 443. 219.]0
[640. 299. 419. 344.]0
[348. 378. 627. 550.]0
[618. 669. 457. 321.]0
[ 53. 768. 147. 233.]0
[129. 413. 710. 382.]0
[640.  48. 548. 342.]0
[335. 351. 270. 175.]0
[640. 102. 260.  75.]0
[ 48. 328. 464. 667.]0
[235. 780. 448. 450.]0
[696.  66. 663.  60.]0
[687. 785. 331. 741.]0
[ 75. 351. 627. 553.]0
[188. 423.  70. 212.]1
[163. 780. 339. 735.]0
[478. 490. 119. 182.]1
[409. 700. 339. 353.]0
[ 48. 447. 163. 741.]0
[110. 714. 339. 288.]0
[507. 789. 504.  73.]0
[246. 750. 628. 613.]0
[623.  16. 338. 639.]0
[460.  67. 231.  13.]1
[129. 310. 425. 667.]0
[595.  48. 390.  10.]0
[447. 697. 714. 638.]0
[129. 141.  46. 288.]1
[487. 700. 394. 352.]0
[107.  57. 678. 416.]0
[618. 794. 108. 354.]0
[701.  77.   7.  70.]1
[120. 207. 141. 639.]0
[521. 533. 100.  15.]1
[321. 448. 472. 533.]0
[176. 701. 317. 726.]0
[ 53. 768. 463. 438.]0
[ 44. 409. 123. 583.]0
[709.  81. 365. 650.]0
[478.  85.   0. 398.]1
[580. 469. 350. 164.]0
[546.  70. 570. 524.]0
[ 48. 472. 540.  21.]0
[ 51. 701. 262. 639.]0
[103. 516. 678. 434.]0
[554. 700.  50. 703.]0
[406. 744. 152. 109.]0
[342. 351. 330. 442.]0
[618.  13.  86. 628.]0
[129. 547. 179.  15.]0
[410. 469. 628. 673.]0
[371. 759.  42. 402.]1
[618. 268. 181. 328.]0
[173. 349. 339. 310.]0
[371. 753. 140. 438.]0
[127. 211. 617. 245.]0
[  9.  68. 380.  68.]0
[597. 681.  55. 393.]1
[284. 469. 628. 736.]0
[614. 435. 109. 556.]1
[138. 192.  99. 736.]1
[478. 701. 153.  73.]0
[290. 491. 301.  43.]0
[154. 354. 113. 741.]1
[630. 240. 714. 610.]0
[  8.  16. 451. 554.]0
[129. 274. 166. 639.]0
[629. 721. 152. 639.]0
[288. 778. 414. 726.]0
[599. 623.  10. 644.]1
[340. 469. 558. 184.]0
[154. 549.   5. 639.]1
[ 42. 734. 647. 588.]0
[547.  38. 315. 643.]0
[104.  16. 413. 686.]0
[703. 412. 123. 494.]0
[478. 380.  50. 541.]1
[556. 469. 628.  99.]0
[640. 102. 123. 622.]0
[129. 452. 457. 593.]0
[361. 608.  18. 401.]0
[697.  88. 365. 274.]0
[696. 357.  45. 711.]1
[483. 520. 203. 476.]0
[178.  57. 152. 342.]0
[709. 215. 123. 474.]0
[128. 471. 339. 534.]0
[119. 700. 188.   1.]0
[371. 479.  38. 319.]1
[539. 789. 581. 419.]0
[114. 774. 540.  13.]0
[177.  60.  50. 703.]1
[210. 706. 339. 542.]0
[ 62. 469. 628. 730.]0
[ 48. 477. 707. 643.]0
[685. 476. 336. 375.]0
[ 50. 255.  50. 723.]0
[436. 583. 628. 240.]0
[104. 421.  50.  91.]0
[245. 462. 137. 246.]0
[294. 602. 686. 194.]0
[618. 575. 335. 483.]0
[478.  11.  50. 534.]1
[154. 309. 178. 351.]0
[471. 724. 623. 639.]0
[ 12. 701.  44.   6.]0
[227. 701. 275. 439.]0
[ 44. 798. 617. 510.]0
[482. 469. 628.  26.]0
[355. 527. 678. 639.]0
[ 48. 181. 470. 342.]0
[ 99. 675. 457.  33.]0
[374. 179. 464. 648.]0
[488. 711. 375. 421.]0
[ 78. 382. 462. 639.]0
[304. 701. 354. 638.]0
[103. 146. 457.  43.]0
[154. 420. 152.  68.]0
[ 44. 555. 141. 330.]0
[679. 397. 647. 549.]0
[618. 743. 704. 640.]0
[628. 800. 159. 501.]0
[399. 693.   8.  25.]1
[696.  71. 631.  15.]0
[127.  83. 672. 300.]0
[427. 750. 457. 504.]0
[324.  34.  45. 596.]0
[610. 393. 714.  73.]0
[620. 750. 647. 139.]0
[318. 747.  92. 291.]1
[304. 700. 381. 316.]0
[662.   7. 682. 712.]0
[ 48.  65. 135. 421.]0
[88. 29. 38. 43.]1
[477. 738. 122. 212.]1
[154. 278. 451. 662.]0
[461.  57.  11. 370.]1
[709. 785. 451. 521.]0
[593.  70. 629. 585.]0
[170. 104. 339. 491.]0
[ 91. 221. 345. 140.]0
[625. 328. 479.  35.]0
[371. 167. 102. 546.]1
[617.  16. 700. 434.]0
[371. 265. 106. 330.]1
[115. 788. 647. 201.]0
[210.  16. 412. 314.]0
[455. 638. 626. 329.]0
[352. 260. 665. 354.]0
[475. 469. 550. 272.]0
[154. 701. 364. 251.]0
[617. 330. 678. 376.]0
[510. 724. 174. 545.]0
[233. 124. 457.  43.]0
[177. 617.  50. 318.]1
[572.  16. 338. 242.]0
[129. 133. 198. 657.]0
[364. 469.  46. 499.]1
[147. 175.  38. 639.]1
[ 54.   6.  99. 322.]1
[597.  70. 624. 442.]0
[173.  48. 221. 438.]0
[504. 676. 365. 213.]0
[ 44. 293. 658. 391.]0
[591. 469. 350. 616.]0
[422. 469. 223. 179.]0
[555. 393. 628. 346.]0
[641. 376. 301. 330.]0
[154. 701. 185.   9.]0
[ 48. 728. 350.  54.]0
[ 52. 362. 451.  63.]0
[23.  2. 28. 73.]0
[ 90.  46.  45. 674.]1
[363. 802. 307. 172.]0
[ 45. 290. 167.  96.]0
[617. 800. 338. 301.]0
[401. 489. 250. 667.]0
[282. 168.  61.  15.]1
[618. 531. 116. 741.]1
[ 27. 486. 628. 215.]0
[ 75.  48. 308. 438.]0
[371. 442. 405. 354.]0
[617. 342. 583. 612.]0
[612. 802. 551. 667.]0
[ 53. 403. 401. 639.]0
[618. 561. 650. 392.]0
[550. 700. 381. 353.]0
[306.  88. 360. 319.]0
[129. 256. 216.  73.]0
[ 74. 165. 346.  73.]0
[637.  70. 625. 639.]0
[210. 777. 186. 186.]0
[154.  38. 639. 319.]0
[115.  83. 628. 417.]0
[478. 681.  55. 703.]1
[252. 469. 219. 647.]0
[147. 363. 311.  94.]0
[110. 342. 165. 319.]0
[699. 605. 152. 191.]0
[501. 302. 162. 340.]0
[709. 421. 539. 508.]0
[185. 724. 490.  73.]0
[651. 463. 404. 347.]0
[177. 701. 317. 530.]0
[557. 330. 164. 741.]0
[ 53. 768. 200. 438.]0
[ 72. 416. 447. 651.]0
[ 50. 255.  65.  23.]0
[557. 469. 214. 342.]0
[640. 243.  46. 552.]1
[618. 336.  74. 399.]1
[387. 404.  93. 354.]1
[299. 530. 175.  73.]0
[ 20.  16. 636.  15.]0
[142. 749. 141. 330.]0
[152. 706. 562.  92.]1
[698. 674. 647. 639.]0
[103. 795. 678. 690.]0
[594. 356. 692. 397.]0
[478. 529.  46. 534.]1
[127.  83. 462. 639.]0
[322. 771. 332.  45.]0
[ 98. 672. 350. 595.]0
[129. 218.  34. 340.]1
[182. 351. 215. 639.]0
[ 20. 402. 561. 272.]0
[527. 331. 704.  43.]0
[618. 177. 457. 639.]0
[529. 362.  50. 488.]1
[ 71. 211. 617.  81.]0
[682. 801. 102. 679.]1
[103.  74. 380. 567.]0
[176. 701. 593.  13.]0
[563. 139. 637. 353.]0
[554. 139. 182. 133.]0
[ 73. 330. 340. 690.]0
[360.  16. 352. 234.]0
[700. 387.  99. 527.]1
[367. 254. 678. 303.]0
[640. 102. 437.  24.]0
[ 98. 652. 428. 276.]0
[ 48. 221. 434. 622.]0
[169. 781. 206. 355.]0
[361. 608. 365. 330.]0
[478.  44. 627. 383.]0
[ 79. 403. 166. 328.]0
[371. 312.  21.  73.]1
[ 53. 768. 451. 147.]0
[268. 388. 667. 541.]0
[177. 701. 510. 512.]0
[617. 351. 123. 198.]0
[543. 724. 350. 261.]0
[225.  70. 439. 342.]0
[642. 431. 366. 296.]0
[618. 229. 457. 352.]0
[387. 591. 371.  39.]1
[ 14.  48. 417. 438.]0
[ 48. 712. 540.  13.]0
[129. 371. 286. 682.]0
[652. 585.  65.  17.]0
[677.  48. 589. 438.]0
[399.  88. 461.  90.]0
[ 52. 330. 517.  68.]0
[129. 280. 128.  92.]0
[670.  70. 475. 482.]0
[373. 524. 457. 354.]0
[618.  80. 457.  43.]0
[132. 457. 689. 639.]0
[319. 781. 398. 254.]0
[ 44. 768. 344. 342.]0
[618. 795. 112. 153.]1
[129. 527. 457. 371.]0
[ 48. 142. 470.   2.]0
[618. 311. 414. 342.]0
[164. 351. 278. 286.]0
[673.  70. 685. 342.]0
[351. 473. 109. 318.]1
[400. 776. 403. 726.]0
[403. 469. 527. 209.]0
[677. 462. 123. 129.]0
[478. 191. 102. 467.]1
[524. 215. 628. 601.]0
[387. 777. 714. 534.]0
[ 98. 372. 350. 164.]0
[273. 362.  99. 156.]1
[177.  35. 122. 318.]1
[ 53. 361. 647. 402.]0
[246. 789. 123. 501.]0
[478. 614.  49. 567.]1
[118. 205. 700. 325.]0
[624. 282. 540.  13.]0
[577. 780. 380. 639.]0
[302.  70. 280. 355.]0
[361.  94.  46. 310.]1
[556. 701.  25. 438.]0
[694. 563. 460. 640.]1
[418. 469. 123. 398.]0
[ 50. 777.  50. 534.]0
[482. 784. 160. 605.]0
[307. 778. 628. 384.]0
[506.  48. 385. 438.]0
[434.  70. 123. 188.]0
[677. 527. 457. 371.]0
[154. 706. 631. 441.]0
[511.  48. 503.  15.]0
[361. 768. 106. 650.]1
[112. 655. 152. 481.]0
[707. 321.  18.  68.]1
[321. 380. 152. 449.]0
[696.  48. 573. 481.]0
[ 44. 608. 627. 319.]0
[664. 363. 501. 667.]0
[618. 316. 453. 646.]0
[542.  48. 358. 445.]0
[640.  75. 588. 438.]0
[103. 757. 274. 550.]0
[175. 701. 511.   0.]0
[130. 349. 714. 723.]0
[193. 637. 365. 639.]0
[400. 287. 628. 736.]0
[117. 774. 381. 551.]0
[429.  70. 350. 720.]0
[361. 608. 647.  13.]0
[634. 699. 628. 407.]0
[208. 259. 646. 726.]0
[154. 800. 252. 434.]0
[127. 447. 338. 126.]0
[406. 537. 152. 642.]0
[ 13. 708. 237.   9.]0
[212. 623.  76. 171.]1
[129. 547.  50. 623.]1
[371. 254. 239. 741.]0
[232. 701. 246. 438.]0
[133. 624. 678.  62.]0
[ 45. 188. 519. 311.]0
[618. 438. 467. 376.]0
[243. 652. 254. 342.]0
[709. 325. 123. 221.]1
[120. 706. 266. 686.]0
[361. 601. 581. 638.]0
[433. 458. 457. 388.]0
[612. 423.  18. 392.]1
[105.  83. 248. 438.]0
[367. 667. 333. 503.]0
[173. 575. 152. 502.]0
[129. 187. 675. 638.]0
[677.  48. 493. 438.]0
[680. 793.  45. 608.]1
[607. 704. 102. 711.]1
[ 48. 569. 664.  61.]0
[618.  27. 109. 205.]1
[103. 635. 554. 438.]0
[143. 701. 136.  73.]0
[129. 565. 184. 573.]0
[154.  16. 686. 742.]0
[127. 207. 717. 710.]0
[419. 422. 106. 330.]1
[656. 252.  18. 638.]1
[630. 586.  99. 480.]1
[630. 292.  99. 398.]1
[682. 462. 225.  73.]0
[641. 445. 628. 497.]1
[383. 800. 686. 421.]0
[ 52. 701. 696. 149.]0
[283. 271. 228.  13.]0
[395. 701. 594. 601.]0
[103. 334. 349. 120.]0
[ 54.   6.  55. 703.]1
[104.  16. 653. 123.]0
[389. 770. 562. 361.]0
[ 48. 608. 647. 328.]0
[425. 363. 392. 258.]0
[256. 469. 628. 709.]0
[696. 517. 378. 638.]0
[585. 367. 162.  68.]0
[181. 621.  99. 720.]1
[696. 342. 390. 146.]0
[ 42. 576. 463. 452.]0
[616.  48. 243. 445.]0
[514. 800. 464. 549.]0
[400. 361. 500. 157.]0
[478.  15. 536.  48.]0
[662. 718. 628. 428.]0
[144. 351. 628. 100.]0
[106. 741. 280. 197.]0
[ 12. 351. 448. 452.]0
[ 44. 361. 206.  37.]0
[ 48.  95. 714. 534.]0
[129. 103. 578. 707.]0
[373. 513. 118. 741.]1
[129. 598. 381. 703.]1
[521. 680.  27. 707.]1
[ 44. 307. 647. 330.]0
[462. 469.  26.  14.]0
[387. 701. 195. 438.]0
[618. 254. 365.  68.]0
[710. 494. 540.  39.]1
[269. 116.  54. 354.]1
[471. 720. 113. 638.]1
[618. 535. 457. 651.]0
[618. 784. 694. 113.]0
[129. 774. 197. 343.]0
[194. 615.  37.  90.]1
[527. 321. 152.  67.]0
[395. 701. 575. 190.]0
[535. 647. 462. 650.]0
[482. 784. 276. 605.]0
[696.  66. 150. 319.]0
[154. 706. 292. 638.]0
[  4.  70. 279. 434.]0
[494. 522. 714. 184.]1
[616. 344.  61.  15.]1
[584. 350. 627. 354.]0
[174. 470. 139. 639.]0
[369. 700. 457. 382.]0
[163. 469. 628. 387.]0
[681.  47. 123. 562.]0
[369. 287. 659. 378.]0
[119. 800. 544. 637.]0
[ 53. 209. 553. 667.]0
[129. 592.  16. 123.]1
[497. 469. 104. 316.]0
[173. 238.  47.  90.]0
[228.  50. 628. 227.]0
[308. 198. 152. 485.]0
[547. 701. 430.  39.]0
[436. 612. 581. 416.]0
[103. 343. 457. 639.]0
[617. 800. 686. 739.]0
[331.  70. 228. 667.]0
[210. 684. 339. 703.]0
[550. 464.  94. 574.]1
[618. 374. 499. 356.]0
[610. 548.  72. 430.]1
[150.   3. 241. 310.]0
[382.  79.  46. 375.]1
[642. 165. 365.  15.]0
[666. 306.  48. 285.]1
[471. 623. 126. 123.]0
[371. 265. 152. 660.]0
[166. 649. 369. 719.]0
[400. 485. 101. 353.]1
[618. 319. 566. 454.]0
[618.  21. 111. 710.]1
[609. 330. 540.  73.]0
[400. 768. 454. 579.]0
[ 81. 469. 628.   7.]0
[115. 328. 305. 173.]0
[ 29. 714. 488. 604.]0
[687. 768. 628. 512.]0
[183. 154. 365. 330.]0
[360.  48. 427. 681.]0
[545. 595. 123. 538.]0
[490.  96. 391. 351.]0
[127. 451. 451. 258.]0
[709. 277. 339. 525.]1
[416. 366. 458.  43.]0
[625. 285. 470. 342.]0
[103. 713. 477. 438.]0
[659. 189.  18. 707.]1
[458. 135. 375.  43.]0
[147. 701. 709. 634.]0
[453.  70. 631. 534.]0
[648. 485. 462. 243.]0
[ 20. 800. 210. 112.]0
[121. 800. 616. 638.]0
[104. 330. 612. 120.]0
[181. 194. 122. 541.]1
[158.  15. 100.  55.]1
[618. 603. 704.  43.]0
[703. 102. 628.  41.]0
[ 98. 604. 576. 667.]0
[103. 603. 678. 577.]0
[136.  53.  45.  15.]1
[119. 800. 544. 639.]0
[129. 269. 142.  90.]0
[345. 361. 451. 300.]0
[626. 431. 146. 741.]0
[328. 542. 659.  43.]0
[371. 324.  94. 719.]1
[579.  70. 562. 652.]0
[709. 625. 660. 639.]0
[682. 120. 628. 251.]1
[102. 613. 314. 726.]0
[113.  16. 649. 641.]0
[709. 373.  50. 656.]1
[ 98. 502. 384.  96.]0
[613.  28. 687. 167.]0
[ 48. 106. 715. 461.]0
[544. 340.  75. 319.]1
[298. 351. 584. 210.]0
[585. 770. 627.  15.]0
[293. 415. 462. 639.]0
[206. 474. 628. 602.]0
[508. 554. 381. 342.]0
[525. 582. 122. 203.]1
[176.  38. 365.  43.]0
[262. 337. 628. 591.]0
[617. 673.  99. 736.]1
[ 39. 423.  17.  15.]0
[127. 612. 627.  43.]0
[618. 773.  46. 353.]1
[103. 694. 337.  73.]0
[199. 469. 706. 316.]0
[258. 267. 540.  39.]1
[361. 610. 332. 122.]0
[568. 226.  50. 332.]0
[618. 783. 634. 443.]0
[231. 173. 103. 169.]1
[618. 795.  50. 263.]1
[125. 608.  94. 568.]0
[383. 477. 204. 638.]0
[ 55. 768. 123. 268.]0
[618. 508. 433. 112.]0
[474. 724. 616.  90.]0
[103.  97. 457. 730.]0
[ 48. 696. 714. 711.]0
[157. 794.  50. 668.]1
[ 42. 107. 365.  43.]0
[333.  82. 628. 204.]0
[ 36. 330. 678.  43.]0
[242. 157. 647. 639.]0
[633. 341. 365.  68.]0
[ 48. 688. 179.  12.]0
[618.  59. 457. 543.]0
[ 20. 413. 380.  43.]0
[290. 469. 638. 231.]0
[270. 714.  50. 703.]1
[485. 641. 101.  84.]1
[411. 702. 101. 712.]1
[184.  48. 476. 220.]0
[682. 294.  88. 688.]1
[129. 639. 306.  73.]0
[395. 342. 408. 308.]0
[ 12. 799. 365. 579.]0
[210.  16. 247.   5.]0
[383. 800. 686. 554.]0
[352. 462. 657.  43.]0
[124. 707. 380. 603.]0
[ 98. 695. 381.  73.]0
[626. 438. 494. 636.]0
[388.  43. 381. 353.]1
[640. 553. 647. 741.]0
[182. 701. 672. 428.]0
[599.  48. 171. 451.]0
[584. 518. 647. 161.]0
[154. 562. 457. 523.]0
[444. 774. 338. 118.]0
[ 40.  70. 628. 300.]0
[486. 114. 628. 736.]0
[482. 506. 457. 476.]0
[387. 678. 211. 703.]0
[  0. 413. 695. 594.]0
[ 71. 608.  94. 726.]0
[567.  57. 152. 642.]0
[387. 698.  50. 446.]1
[399. 362. 517.  61.]0
[ 44. 680. 400. 330.]0
[618. 317.  45. 530.]0
[ 71. 134. 419. 579.]0
[ 57. 459. 339. 534.]1
[ 98. 611. 627. 639.]0
[406. 140. 628. 380.]0
[617. 257. 152. 196.]0
[239. 701. 658. 241.]0
[257. 476.  29. 456.]1
[162. 139. 535. 639.]0
[383. 475. 339. 184.]0
[181. 787. 470. 239.]0
[  9.  86. 380. 338.]0
[436. 774. 174. 443.]0
[192.  88. 123. 264.]0
[154. 775. 169.  82.]0
[390. 360. 294.  73.]0
[103. 795. 678. 442.]0
[328. 423. 123. 496.]0
[677.  48. 672. 411.]0
[371. 575. 415. 528.]0
[ 12. 330. 657. 330.]0
[361. 285. 381. 272.]0
[478. 714. 283. 334.]0
[682. 315. 704. 639.]0
[521. 353.  99. 600.]1
[618. 151.  50. 214.]1
[166. 528.  85. 342.]1
[132. 800. 120.  15.]1
[331. 232.  35. 310.]1
[522. 703. 290. 670.]0
[606. 632. 457.  22.]0
[173. 771. 658. 628.]0
[ 48. 716. 435. 351.]0
[154.  26. 711. 318.]0
[547.  15. 502.  43.]0
[547.  38. 704.  43.]0
[151.  86.  99. 398.]1
[394. 131. 647. 683.]0
[695. 568.  55. 353.]1
[416.  48. 519. 655.]0
[371. 539. 457. 663.]0
[106.  83. 431. 416.]0
[ 58. 239. 162. 354.]0
[618. 100. 269. 381.]0
[217.  70. 123. 277.]0
[618. 291.  94. 511.]1
[371. 276.  46. 396.]1
[154. 679. 162.  43.]0
[325. 139. 295. 734.]0
[ 12. 464. 434. 195.]0
[127. 612. 714.  84.]0
[687. 484.  59. 138.]0
[627.  96. 391.  73.]0
[135. 701. 533. 342.]0
[106. 776. 193.  73.]0
[124. 176. 152. 165.]0
[344.  49. 141. 181.]0
[677. 701. 212. 438.]0
[ 48. 612. 627. 445.]0
[  1.  48. 300. 282.]0
[455. 588. 626. 130.]0
[ 49. 362. 686. 434.]0
[276. 475. 428. 726.]0
[531.  38. 704. 304.]0
[ 28. 388. 419. 592.]0
[154. 469. 350. 533.]0
[677. 581. 467. 446.]0
[640. 740. 535.  43.]0
[654. 514. 467. 460.]0
[ 98. 781. 332. 540.]0
[640. 102. 123. 548.]0
[643. 701. 132. 438.]0
[361.  91. 365.  68.]0
[103. 564. 604. 646.]0
[285. 708. 643. 726.]0
[416.  43. 120. 639.]1
[478. 701. 549. 483.]0
[416. 701.  68.  16.]0
[214. 108. 401.  43.]0
[640. 102. 123. 262.]0
[129. 766. 601. 717.]0
[555.  88. 555.  90.]0
[627. 355. 152. 638.]0
[129. 180. 242. 406.]0
[129. 526.  98. 442.]1
[159.  85.  18.  64.]1
[312.  88. 204.  43.]0
[154. 399. 381. 353.]1
[561. 746.  99. 217.]1
[424. 439. 704.  43.]0
[129. 618.  55. 247.]1
[470. 476. 711. 242.]0
[536. 398. 524. 356.]0
[187. 332. 457.  73.]0
[ 48. 793. 689. 741.]0
[625. 785. 174. 324.]0
[516. 700. 381. 703.]0
[371. 376. 192. 250.]0
[321. 273. 423. 342.]0
[ 63.  38. 339. 534.]0
[478. 169. 111. 741.]1
[617. 800. 565. 425.]0
[146.  70. 325.  96.]0
[368. 351. 628. 194.]0
[154. 701. 320. 438.]0
[165. 651.  33.  73.]0
[180. 705.  99. 566.]1
[142. 351.  32. 340.]0
[187.  40.   8. 319.]1
[129. 575. 610. 380.]0
[547.  38. 152. 606.]0
[481. 714.  45. 608.]0
[321. 241.  99. 564.]1
[405. 700. 688. 480.]0
[132. 802. 149. 638.]0
[129. 174. 365. 635.]0
[154. 478. 152. 643.]0
[ 98. 610. 680. 328.]0
[618.  78. 103. 464.]1
[ 53. 361. 176. 645.]0
[609. 789. 463. 732.]0
[117. 800. 540. 638.]0
[154. 328. 443. 514.]0
[ 44. 505. 123. 415.]0
[464. 737.  45. 590.]1
[216. 284. 704.  43.]0
[640. 704.  70. 716.]1
[129. 390. 236. 394.]0
[636. 279. 627. 480.]0
[677. 796.  48. 194.]1
[ 30. 689. 714. 648.]0
[400. 708. 658. 257.]0
[710.  30. 109. 318.]1
[ 36. 777. 298. 703.]0
[ 48. 211. 617. 365.]0
[668. 617.  99. 690.]1
[129. 118.  50. 508.]1
[705. 164.  63. 238.]1
[437. 330. 540. 667.]0
[478.  24. 109. 317.]1
[129. 426. 637. 690.]0
[181. 736.  30. 377.]1
[618. 182. 457.  43.]0
[617. 320. 410. 355.]0
[210.  16. 655.  15.]0
[103.  24. 114.  42.]0
[ 12. 330. 218. 330.]0
[  6. 701. 645. 643.]0
[ 44. 622. 355. 419.]0
[ 12. 464. 365. 639.]0
[493. 313. 203. 669.]1
[399. 714. 605. 554.]0
[687. 776. 647. 270.]0
[ 42. 762. 350. 322.]0
[204. 719. 382. 569.]1
[376. 572. 633. 278.]1
[640.  43.  50. 541.]1
[618. 127.  18. 716.]1
[ 44. 314. 480. 342.]0
[ 48. 328. 443. 216.]0
[618. 624. 457. 638.]0
[387. 441. 141. 357.]0
[183. 351. 365. 421.]0
[153. 351. 697. 741.]0
[156. 171.  55. 353.]1
[640. 701. 533. 342.]0
[321. 423. 462. 650.]0
[527. 391.  55. 703.]1
[617. 701. 574. 703.]0
[154. 662. 608. 644.]0
[221.  70. 618. 561.]0
[147. 175.  99. 483.]1
[354. 236.   8. 716.]1
[478. 659.  74.  43.]1
[387. 701. 702. 438.]0
[ 12. 714. 678. 607.]0
[115. 328. 388. 639.]0
[478. 701.  87. 438.]0
[478.   1.  45. 699.]1
[630. 381.  94. 393.]1
[132. 243. 154.  13.]0
[ 42. 643. 365. 202.]0
[707. 321.  45. 374.]1
[ 99. 141. 509. 686.]0
[209. 469. 189. 380.]0
[193. 393. 442. 310.]0
[  1. 714. 152. 650.]0
[147. 714. 621. 580.]0
[214. 299. 714.  77.]0
[404. 474. 628. 455.]0
[490. 469. 350. 700.]0
[386. 469. 586. 144.]0
[ 44. 620. 401.  43.]0
[257.  16. 229. 434.]0
[103. 634. 293.  57.]0
[129. 219. 365. 717.]0
[213. 358. 637. 480.]0
[ 31. 349. 628. 475.]0
[399. 462. 147. 684.]0
[380. 330. 540. 726.]0
[450. 428. 627. 242.]0
[ 53. 605. 421. 697.]0
[ 48. 625. 464. 318.]0
[102. 547.  50. 738.]0
[260. 730. 152. 469.]0
[224. 711.   8. 639.]1
[ 53. 320. 177. 639.]0
[125.  16. 700. 620.]0
[ 48. 768. 676. 272.]0
[140. 692. 141. 650.]0
[176.  38. 273. 330.]0
[371. 338. 253. 696.]0
[127. 712. 108. 353.]0
[511. 578. 627. 583.]1
[210.  48. 673. 547.]0
[129. 370. 457. 526.]0
[360. 105. 592. 454.]0
[229. 751. 628. 584.]0
[476. 724. 122. 702.]1
[388. 476. 457. 639.]0
[391.  38. 162. 639.]0
[618. 599.  99. 148.]1
[ 70. 459. 357. 733.]0
[400.  60. 637. 353.]1
[100. 802.  19. 719.]0
[413. 137. 345. 251.]1
[ 44. 195. 526. 726.]0
[129. 405. 669. 466.]0
[154.  52. 113.  61.]0
[ 98. 665. 676. 726.]0
[584. 701. 429. 484.]0
[709.  15.  46. 473.]1
[129. 184. 492. 319.]0
[281. 474. 628. 428.]0
[186. 340.   1.  43.]1
[ 87. 752. 365.  76.]0
[617. 707. 380. 142.]0
[ 53. 361. 512. 567.]0
[618. 516.  64. 438.]1
[682. 801. 682. 385.]1
[ 98. 574. 628. 516.]0
[ 24. 640. 152. 711.]1
[ 48. 211. 617. 440.]0
[250. 375. 441.  90.]0
[120. 207.  50. 486.]0
[368. 724. 529. 453.]0
[612. 800.  55. 353.]1
[709. 335.  55. 703.]1
[618. 521. 457. 626.]0
[478. 392. 123. 164.]0
[  1. 777. 164.  39.]1
[415. 469. 628. 367.]0
[211. 202. 704. 639.]0
[618. 690. 678. 658.]0
[618. 731. 100.  55.]1
[584. 217. 647. 728.]0
[537. 330. 231. 638.]0
[555. 642.  50. 541.]1
[ 49.  16. 607. 741.]0
[426. 584.  94. 726.]0
[630. 516.  98. 496.]1
[611.  48. 473. 438.]0
[677. 784.  55. 310.]1
[405. 700. 628. 671.]0
[371. 408. 134.  56.]0
[641. 158.  46. 199.]1
[ 42. 605. 185. 145.]0
[321. 363. 604. 614.]0
[399. 462. 340. 438.]0
[569. 724. 560. 434.]0
[617. 701. 568. 703.]0
[ 48. 654. 457. 518.]0
[459. 724. 638. 730.]0
[436. 102. 123. 570.]0
[196. 701. 343. 319.]0
[486. 349. 714. 490.]0
[154. 701. 391. 512.]0
[368. 139.  50. 153.]0
[132.  16. 700. 496.]0
[288. 778. 414. 726.]0
[702. 361. 535. 212.]0
[478. 430. 495.  73.]0
[682. 444. 647.  43.]0
[127. 655. 457.  43.]0
[622. 330. 540. 342.]0
[ 50. 701. 699. 241.]0
[435. 130. 676. 622.]0
[ 48. 612. 627. 643.]0
[709.  88. 182. 554.]0
[695. 102.  46. 393.]1
[683. 361. 108. 436.]0
[181.  43. 152. 435.]0
[478. 345. 203. 707.]1
[181.  48. 491. 480.]0
[ 41.  22. 380. 650.]1
[177. 475. 100.  15.]1
[371. 753. 373. 368.]0
[118. 143.  50. 263.]0
[644. 724. 172. 745.]0
[478. 333.  99. 483.]1
[487. 703. 232. 691.]0
[387. 446. 642.  61.]0
[387. 197. 647. 639.]0
[127. 447. 451. 412.]0
[308. 435. 152. 642.]1
[617. 800. 686. 477.]0
[421. 286. 222. 712.]0
[552. 631.  13. 562.]1
[362.  70. 628. 108.]0
[129. 523.  57. 703.]1
[618. 246. 714. 163.]0
[166. 416. 386. 438.]0
[152. 492. 365.  38.]0
[618. 516. 360.  15.]0
[126. 708. 445. 730.]0
[188. 423. 107.  15.]1
[ 64. 190.  62.  13.]0
[ 48.  65. 123. 485.]0
[211. 649. 457. 330.]0
[218. 780. 466. 443.]0
[125. 701. 429. 484.]0
[650. 701. 363. 638.]0
[478. 435.  94. 528.]1
[286. 449. 514. 437.]0
[129. 618. 100.  55.]1
[617. 242. 645.  43.]0
[292. 676. 365. 213.]0
[412. 423. 516.  43.]0
[122. 685. 203. 726.]0
[478. 262. 627.  62.]0
[127. 431. 162. 710.]0
[103. 141. 693. 356.]0
[127. 328. 123. 322.]0
[478. 230. 203.  15.]1
[371. 607.  94. 606.]1
[547.  15. 695. 703.]0
[491. 469. 123. 586.]0
[129. 527. 457. 449.]0
[ 89.  72. 450.  73.]0
[499. 240. 602. 689.]0
[364. 469.  18. 741.]1
[387. 115. 203. 714.]1
[618. 496. 403. 726.]0
[154. 138. 628. 162.]0
[ 11.  16. 653.  61.]0
[129. 322. 656. 500.]0
[ 37. 701. 262. 643.]0
[375. 757. 456. 557.]0
[182.  88. 714. 517.]0
[265.  88. 562. 288.]0
[625. 797. 451. 124.]0
[588. 469. 579. 229.]0
[ 20. 778.  45. 656.]0
[469. 469. 628. 614.]0
[127. 728. 419. 342.]0
[422. 279. 123. 134.]0
[674. 469. 381. 712.]0
[249.  15. 704. 364.]0
[677. 488.   8. 740.]1
[400. 361. 628.  19.]0
[709. 612. 339.  92.]1
[ 12. 362. 380.  65.]0
[618. 737. 428. 560.]0
[ 48. 612. 714.  84.]0
[131.  14. 540.  13.]1
[321. 701. 296. 665.]0
[478. 156. 380. 675.]0
[399. 724. 351. 639.]0
[617. 330. 485. 644.]0
[604. 407. 416. 354.]0
[181. 701. 564. 487.]0
[ 10.   9. 695. 353.]0
[443. 183. 627.  15.]0
[710. 249. 457. 223.]0
[387. 313. 152. 299.]0
[399. 593.  55. 530.]1
[573.  70. 587. 193.]0
[437. 287. 628. 736.]0
[154. 701. 699. 718.]0
[213.  23. 627. 310.]0
[618. 531. 116. 741.]1
[151.  92. 101. 703.]1
[620. 700. 187.  84.]0
[550. 351. 581. 399.]0
[103. 668. 695. 393.]0
[451.  70. 631. 520.]0
[38. 20. 20.  3.]0
[210.  16. 352.  96.]0
[  7.  88. 339. 203.]0
[276. 718. 628. 267.]0
[547.  38. 329.  15.]0
[710. 248.   4. 324.]1
[ 48. 785. 623. 741.]0
[154. 765. 129. 639.]0
[  6. 701. 542. 518.]0
[640. 102. 147. 349.]0
[660.  88. 147.  59.]0
[467. 351. 155. 200.]0
[143. 152. 122. 541.]1
[120. 361. 381. 319.]0
[418. 682. 164.  13.]1
[471. 224.  50.  66.]0
[350. 519. 678. 722.]0
[153.  76. 714. 633.]0
[416. 715. 457.  68.]0
[101. 800. 540. 639.]1
[618. 318. 365. 611.]0
[441. 750. 647.  43.]0
[ 48. 150. 661. 282.]0
[110. 342. 367.  95.]0
[709.  88. 714. 318.]0
[478. 112. 586. 438.]0
[210. 771. 686. 434.]0
[471. 571. 123. 483.]0
[618.   9.  99. 290.]1
[ 53. 361. 176. 645.]0
[190.  70. 627. 398.]0
[618. 603. 704. 328.]0
[ 42.  16. 312. 741.]0
[473. 469. 698.  15.]0
[267. 477.  51. 354.]1
[387. 634.  45. 288.]1
[129. 125. 380.  68.]0
[564. 536.  94.  63.]1
[ 50. 701. 261. 643.]0
[ 95. 709. 387. 638.]0
[618. 600.  99. 680.]1
[12. 25. 60. 13.]0
[ 48. 200. 451. 589.]0
[127. 608.  50. 703.]0
[ 66. 225. 229. 724.]0
[ 66. 181. 470.  13.]0
[468.  87.  98. 742.]1
[640.   4.  18. 398.]1
[326. 166.  39. 639.]1
[127. 612. 227. 638.]0
[571.  34. 695. 310.]0
[478. 575. 333. 146.]0
[108. 140.  40.  18.]0
[686.  16. 517. 170.]0
[ 72.  48. 549. 294.]0
[495. 802. 696. 548.]0
[ 53. 768. 522. 678.]0
[173.  48. 708. 272.]0
[ 49. 351. 123. 262.]0
[316. 721.   0. 322.]1
[ 17. 752. 204. 639.]0
[679. 328. 647. 112.]0
[154. 709. 208. 726.]0
[508. 660. 470. 438.]0
[617. 800. 640. 714.]0
[103. 527. 249. 342.]0
[478. 715. 461. 259.]0
[176. 755. 627.  15.]0
[129. 438. 244. 553.]0
[ 60.  16. 338.  43.]0
[416. 714.  55. 353.]1
[118. 785. 714. 225.]0
[672. 121. 123. 132.]0
[420. 503.  99. 690.]1
[517. 649. 505.  58.]0
[154. 700. 681.  15.]0
[630. 361. 628. 284.]0
[210.  16. 259. 624.]0
[617. 800. 700. 434.]0
[ 35.  88. 682. 712.]0
[305.  70. 606.  50.]0
[127. 200. 586. 667.]0
[478. 129.  79. 639.]1
[677.  48. 577. 438.]0
[616. 341. 105.  73.]1
[617. 801. 414. 703.]0
[408. 215. 628. 371.]0
[621. 776. 236. 559.]0
[ 53. 361. 654. 146.]0
[115. 295. 205. 328.]0
[275.  70. 397. 342.]0
[451. 232. 100. 319.]1
[ 94. 297. 389. 342.]0
[638. 690. 704. 632.]0
[129. 212. 365. 650.]0
[360. 285. 484. 386.]0
[ 71. 703. 699. 505.]0
[103. 527. 380.  65.]0
[301. 269. 162. 319.]0
[ 44. 403. 263. 272.]0
[677. 395. 401.  43.]0
[320.  12. 470. 438.]0
[617. 437. 287. 454.]0
[ 70. 651. 123. 398.]0
[640. 228. 704. 305.]0
[154.  16. 686. 289.]0
[690. 179. 297. 342.]0
[ 53. 361. 142.  43.]0
[154. 679. 162.  43.]0
[696. 646. 431. 350.]0
[478. 710.  94. 141.]1
[245. 102. 340. 672.]0
[127. 619. 632.  84.]0
[658. 589. 692. 353.]0
[118. 207. 714. 403.]0
[703. 388. 419. 715.]0
[484.  48. 474. 438.]0
[438. 362.  72. 581.]1
[289. 527.  45. 687.]0
[618. 508. 678. 319.]0
[690. 785. 174. 172.]0
[332. 776. 459. 341.]0
[ 91. 768. 409.  96.]0
[172. 139. 162.  43.]0
[166.  60.  22. 436.]0
[349.  10. 647.  34.]0
[ 70.  16. 520. 520.]0
[361. 320. 180. 641.]0
[512. 364.  99. 630.]1
[127. 767. 647.  44.]0
[129. 157. 152. 206.]0
[151.  51. 201. 667.]0
[395. 714. 368. 527.]0
[387. 592. 122. 410.]1
[625. 612.  30. 741.]1
[125. 701. 493. 723.]0
[387. 649. 455. 706.]0
[ 53. 421. 684. 112.]0
[215. 469. 628. 372.]0
[576.  70. 238. 638.]0
[626. 351. 628. 736.]0
[371. 401. 694. 313.]0
[ 12. 781. 159. 707.]0
[ 42. 293. 642. 639.]0
[154. 101. 152. 643.]1
[688. 330. 380. 629.]0
[ 20. 701. 214. 153.]0
[103. 757. 574. 550.]0
[127. 797. 451. 365.]0
[478. 434.  94. 668.]1
[ 48. 785. 503. 741.]0
[127.  83. 451.  93.]0
[646. 710. 627. 354.]0
[103. 782. 678. 577.]0
[103. 214. 627. 712.]0
[570. 351. 637. 553.]0
[129. 493. 422. 701.]0
[615. 737. 203. 642.]1
[287. 240.  94. 612.]1
[ 96. 362. 647. 541.]0
[690. 201. 617. 360.]0
[690. 393.  69.  52.]0
[619. 509.  94. 540.]1
[530. 351. 627. 480.]0
[399. 701. 446. 443.]0
[440. 699. 339. 393.]0
[ 48. 263. 585.  90.]0
[583. 750. 637. 166.]0
[127. 686. 716. 726.]0
[478. 482. 440. 319.]1
[ 53. 361. 235. 741.]0
[696. 649. 525. 342.]0
[ 53. 251. 627. 587.]0
[141. 250.  52. 639.]1
[525. 466. 339. 534.]1
[129. 396. 503. 438.]0
[ 44. 768. 569.  73.]0
[603.  48. 498.  90.]0
[710. 529.  99. 506.]1
[533. 206.  50. 222.]1
[ 40. 132. 629. 131.]0
[ 65.  19. 700. 446.]0
[369. 781. 339. 703.]0
[525.  48. 406. 564.]0
[323. 751. 628. 227.]0
[480. 352. 689. 741.]0
[602. 648.  99. 649.]1
[251. 469.  56.   8.]0
[329. 469. 291.  73.]0
[679. 785. 205.  43.]0
[226. 480. 288. 342.]0
[ 48. 541. 191.  73.]0
[280. 235. 381. 141.]0
[588. 469. 170. 462.]0
[181. 577. 381. 310.]1
[666. 566. 689.  78.]0
[244. 469. 345. 458.]0
[387.  48. 675. 638.]0
[618. 128.  14. 688.]1
[684. 305. 467. 535.]0
[ 48. 768. 436.  96.]0
[428. 361. 365. 650.]0
[ 42. 657. 166. 328.]0
[530. 351. 628. 389.]0
[346. 544. 628.  86.]0
[455. 699. 339. 404.]0
[423.  96. 348. 726.]0
[210. 421.  50.  91.]0
[630. 298. 332. 430.]0
[441. 369. 123. 189.]0
[478. 413. 318. 402.]1
[127. 328. 379. 402.]0
[456.  54. 152. 529.]0
[709. 222. 530.  13.]1
[371. 331. 692. 319.]0
[640. 102. 123. 358.]0
[463. 330. 540. 319.]0
[478. 362.  46. 498.]1
[117. 608.  94. 571.]0
[478. 499.  53. 639.]1
[618. 599. 690. 643.]0
[119.  38. 685. 454.]0
[ 98. 645. 641.  73.]0
[515. 789. 382. 664.]0
[ 37. 790. 637.  62.]0
[357. 700. 671. 337.]0
[503. 469.  43. 611.]0
[ 63.  38. 562. 534.]0
[372.  70. 652. 687.]0
[481.  38. 704. 468.]0
[618. 795.   5. 639.]1
[223. 111. 686. 565.]0
[489.  58. 319.  24.]0
[129. 334. 409. 155.]0
[328. 629. 302. 438.]0
[ 53. 361. 445. 667.]0
[398. 777. 380. 643.]0
[625. 781. 252. 434.]0
[139. 362. 380.  65.]0
[399. 261. 648. 339.]0
[472. 231. 700. 112.]0
[709. 785. 124. 641.]0
[106. 498. 642. 555.]0
[210. 334. 377. 215.]0
[671. 215. 627. 558.]0
[201. 469.  82.  96.]0
[154. 763. 685. 639.]0
[589. 469. 407. 471.]0
[129. 365.   2. 639.]1
[154. 717. 152. 642.]0
[534.  15. 704. 639.]0
[505. 274.  99. 217.]1
[620. 379. 704. 611.]0
[574.  70. 538. 573.]0
[ 48. 270. 138. 639.]0
[ 53. 361. 226. 639.]0
[407. 623.  54. 639.]1
[540. 580.  15.  84.]0
[ 48.  65. 672. 582.]0
[618. 347. 414. 719.]0
[115. 207. 451. 446.]0
[616. 701. 595. 639.]0
[436. 583. 381. 116.]0
[ 15. 377.  50. 711.]0
[ 53. 361. 714. 719.]0
[377. 449. 203.  15.]0
[710. 581. 376. 638.]0
[387.  48. 230. 438.]0
[618. 275. 428. 484.]0
[631. 560. 158. 230.]0
[370. 789. 123. 507.]0
[587.  32.   9.  82.]0
[118. 207. 714. 150.]0
[129. 757. 277. 240.]0
[489. 283. 457. 537.]0
[618. 272. 645.  15.]0
[270. 800. 122. 702.]1
[618. 374.  50. 731.]1
[623. 361. 151. 587.]0
[237. 724. 714. 580.]0
[ 67. 785. 282. 245.]0
[665. 142. 272.  73.]0
[169. 469. 393. 726.]0
[ 12.  16. 418. 532.]0
[359.  45. 109. 318.]1
[585. 196. 204. 639.]0
[195. 110. 103. 353.]1
[129. 218. 113.  39.]1
[173. 349. 628. 227.]0
[677. 727. 353. 667.]0
[296. 279. 687. 550.]0
[690. 397. 471.  43.]0
[173. 188.  77.  43.]1
[ 18.  37.  55. 353.]1
[103. 454. 493. 719.]0
[558. 699. 270. 225.]0
[103. 214. 627. 226.]0
[709.  83. 611.  68.]0
[709. 724. 256.  79.]0
[558.  68.  31. 650.]1
[699. 241. 483. 667.]0
[521. 178. 581. 377.]0
[147. 529. 120. 639.]1
[ 53. 361. 647. 402.]0
[341. 724. 130.  49.]0
[154. 363. 572.  73.]0
[214. 170. 156. 667.]0
[48. 39. 96. 28.]0
[127. 144. 478. 354.]0
[496. 469. 628. 480.]0
[455. 623. 691. 354.]0
[330.  70. 715. 348.]0
[365. 701. 304. 453.]0
[364. 469. 152. 319.]0
[277. 628. 635. 638.]0
[560. 427. 457. 639.]0
[274.  73.   8.  96.]1
[ 16. 631. 380.  43.]0
[356. 792. 123. 111.]0
[620. 727. 102.  84.]1
[639. 739. 310. 681.]0
[460. 557.  36. 438.]1
[341. 597.  55. 353.]1
[618. 531.   8. 436.]1
[102. 770. 714. 318.]0
[617.  16. 711. 434.]0
[395. 363. 582.  97.]0
[125. 608.  94. 690.]0
[547. 771. 496.  65.]0
[687. 430. 518. 110.]0
[115. 203. 245.  73.]0
[129. 193. 203. 507.]0
[123. 800. 318. 402.]0
[  5. 335. 224. 743.]0
[ 44. 320. 586. 438.]0
[ 20.  66. 363. 307.]0
[361. 403.  46. 563.]1
[166. 663.  50. 738.]1
[213.  48. 432. 438.]0
[617. 461.  90. 224.]1
[402. 745. 519. 333.]0
[ 48. 768. 451.  43.]0
[121. 800. 616. 147.]0
[706. 781. 557. 683.]0
[241. 462. 581. 419.]0
[618. 148. 700. 495.]0
[247. 428. 152. 740.]0
[689.  70. 123. 315.]0
[ 86. 351. 628.  47.]0
[297. 243. 380. 509.]0
[696.  48. 217. 192.]0
[360.  48. 265. 381.]0
[105.  83. 469. 719.]0
[ 48.  65. 321.  96.]0
[541. 326. 647. 228.]0
[210.  16. 614. 638.]0
[709. 789. 123. 312.]0
[478. 342. 399. 638.]0
[279. 732. 401. 579.]0
[125. 771. 159. 554.]0
[617. 361.  99. 427.]1
[371. 662. 166. 639.]0
[618. 491. 497. 113.]0
[147. 703. 313. 351.]0
[343. 724. 350. 261.]0
[324. 406. 129. 354.]0
[177. 701. 275. 438.]0
[  2. 701. 670. 438.]0
[107. 162. 166. 444.]0
[551. 700. 714. 652.]0
[159. 425. 628. 446.]0
[371. 324.  46. 703.]1
[545. 253. 190. 612.]0
[378. 476.   8. 354.]1
[392. 358. 628. 160.]0
[618. 690. 166. 717.]0
[129. 754. 152. 194.]0
[387. 210. 586. 507.]0
[361. 608. 627. 316.]0
[ 53. 361. 517.  43.]0
[640. 701. 618.  73.]0
[266. 701. 696. 287.]0
[129. 760. 457. 661.]0
[698. 264. 627.   4.]0
[103. 501. 242. 269.]0
[105. 776. 448. 523.]0
[291. 724. 271.  43.]0
[ 98. 728. 628. 164.]0
[181. 726. 119. 643.]1
[149. 623.  94. 608.]1
[538.  70. 430.  90.]0
[478. 308.  78. 539.]1
[696. 185. 677.  62.]0
[549. 147. 713.  80.]0
[105.  57. 540.  39.]0
[640. 239. 360. 445.]0
[191. 701. 370.  85.]0
[117. 186. 381.  61.]0
[ 44. 386. 704.  43.]0
[ 48. 726. 714.  15.]0
[632. 715. 238.  73.]0
[401. 641. 402. 703.]0
[584. 606. 152. 666.]0
[709. 424. 687. 741.]0
[219. 776. 123. 384.]0
[129. 289. 234.  46.]0
[122. 521. 530.  39.]0
[154. 330. 600. 351.]0
[400. 605. 123. 362.]0
[310. 321. 139. 639.]0
[102. 473. 314. 726.]0
[366.   3. 449. 146.]0
[173. 701. 487. 297.]0
[446. 384. 457. 302.]0
[129. 149. 364. 281.]0
[102. 361. 350. 306.]0
[478. 700. 362. 569.]0
[21. 17. 95. 32.]0
[129. 656.  81. 402.]1
[154. 411.  46. 393.]1
[ 20.  63. 382. 493.]0
[324. 362. 476. 300.]0
[547.  15. 465. 639.]0
[161. 724.  12.  36.]0
[129. 125.  50. 432.]1
[400. 620. 647. 328.]0
[687. 320. 177. 705.]0
[709. 424. 164. 639.]1
[ 42. 672. 470. 726.]0
[478. 359. 489. 448.]0
[640. 207. 714. 359.]0
[129. 149. 609. 578.]0
[ 12.  96. 627. 639.]0
[341. 724. 623. 741.]0
[601. 735. 457. 639.]0
[519. 724. 174. 513.]0
[116. 349. 682. 712.]0
[  3. 701. 327. 463.]0
[189. 745. 628. 369.]0
[640. 443. 381. 703.]1
[617. 361. 628. 279.]0
[ 71. 781. 557. 683.]0
[ 84. 608.  45. 615.]0
[645. 525.   6.  90.]1
[213. 567. 263. 639.]0
[666. 396. 229. 112.]0
[669. 474. 628. 597.]0
[121. 800. 619.  43.]0
[ 46. 636. 627. 353.]0
[ 53. 768. 251. 726.]0
[103. 413. 704. 639.]0
[618. 227. 714. 642.]0
[443. 761.  99. 292.]1
[272. 424.  55. 401.]1
[709. 279. 628. 536.]0
[206. 500. 173. 438.]0
[ 48. 768. 436.  57.]0
[ 44. 633. 350. 235.]0
[263. 279. 374. 298.]0
[547.  38. 341.  15.]0
[415.  70. 143. 580.]0
[489. 436. 109.  84.]1
[526. 393. 123. 418.]0
[454. 288.   8. 650.]1
[132. 482. 152.  72.]0
[ 48. 630. 636. 690.]0
[437. 623. 122. 648.]1
[618. 433. 457. 405.]0
[561. 619. 586. 416.]0
[399.  48. 598. 676.]0
[ 49. 777. 714. 541.]0
[618. 536. 537. 438.]0
[ 44. 320. 451. 208.]0
[677.  48. 556.  70.]0
[200.  70. 486. 579.]0
[399.  48. 546.  98.]0
[254. 706.   8. 319.]1
[416. 650. 648. 300.]0
[509. 361. 451. 177.]0
[166. 727. 563. 667.]0
[270. 701. 484. 719.]0
[167. 139. 647. 232.]0
[ 61. 237. 637. 101.]0
[682. 239. 162. 708.]0
[661. 803. 637. 104.]0
[618. 795.  46. 590.]1
[696. 476. 396. 658.]0
[ 33. 423. 360.  15.]0
[397. 117. 102. 712.]1
[437. 139.  50. 260.]0
[687.  93. 365. 650.]0
[ 69.  60. 662. 707.]0
[399. 724. 424. 354.]0
[179. 292. 422. 320.]0
[336. 701. 303. 438.]0
[ 48. 155.  50.  66.]1
[ 19. 109. 567.  73.]0
[253.  18. 381. 116.]0
[240. 724. 202. 743.]0
[ 25.   0. 106.  11.]0
[416. 802. 199. 510.]0
[618. 374. 499. 598.]0
[ 48. 797. 196. 677.]0
[132. 119. 365. 453.]0
[ 93.  60. 628.  33.]0
[660. 666. 203. 319.]0
[  6. 701. 342. 550.]0
[618. 743. 590. 712.]0
[173.  48. 323. 174.]0
[115.  83. 628. 554.]0
[ 56. 701. 694. 390.]0
[ 77. 701. 213. 125.]0
[460. 389. 152. 331.]0
[106. 616. 630. 342.]0
[205.  99. 462. 402.]0
[ 65.  19. 109. 365.]1
[448. 362. 109. 260.]1
[640. 800. 467. 743.]0
[ 44. 554. 628. 442.]0
[278. 159. 103.  57.]1
[129. 413. 628. 249.]0
[314. 700. 478.  31.]0
[578. 208. 100.  55.]1
[ 50.  60. 715. 492.]0
[709. 304. 371.  13.]1
[625. 328. 620.  43.]0
[502. 140. 350. 384.]0
[440. 123. 285.  73.]0
[478. 213. 541. 717.]0
[678. 545. 155.  87.]0
[565. 429. 628. 400.]0
[ 42. 385. 348. 218.]0
[709. 757. 703. 248.]0
[381. 438. 268.  73.]0
[618. 419. 679. 717.]0
[478.  48. 674. 342.]0
[400. 485.  51.  15.]1
[709. 608. 684. 737.]0
[245.  61. 289. 638.]0
[127. 785. 503. 402.]0
[400. 215. 647. 743.]0
[352. 459. 359. 282.]0
[149. 724. 174.  40.]0
[626. 800. 183. 342.]0
[387.  48. 264. 527.]0
[478. 543.  97. 743.]1
[193. 637. 365. 639.]0
[300. 481.  45. 520.]1
[321. 786.  50. 440.]1
[154.  48. 294.  88.]0
[677. 462. 517.  43.]0
[679. 258. 451. 662.]0
[692. 301. 316. 639.]0
[675. 724. 666.  43.]0
[337. 423.  17. 719.]0
[596.  48. 605. 367.]0
[ 48. 220. 664.  90.]0
[452. 521.  46. 703.]1
[222.  88. 513.  90.]0
[105. 361. 715. 489.]0
[ 88.  29.  45. 574.]1
[321. 649. 645. 470.]0
[600.  98. 117. 618.]1
[264. 351. 637. 519.]0
[255.  70. 446.  73.]0
[154.  69. 101. 353.]1
[ 98. 671. 704. 323.]0
[387.  84. 109. 318.]0
[509. 361. 144.  68.]0
[154. 596. 220. 459.]0
[683. 701. 528. 723.]0
[151. 465. 508. 335.]0
[667. 701. 506. 395.]0
[259. 267. 115. 212.]1
[449. 469. 133.  73.]0
[423. 393. 628. 143.]0
[414.  70.  50.  66.]0
[154. 769. 381. 178.]0
[ 66.  16. 259. 624.]0
[115. 373. 627. 639.]0
[104.  56. 123. 472.]0
[442. 449.  50. 318.]1
[171. 161. 639. 354.]0
[173. 538. 162. 639.]0
[588. 469. 683. 731.]0
[393. 143. 174. 236.]0
[511. 199.  18.  15.]1
[598. 722. 457. 694.]0
[ 12.  33. 152.  20.]0
[103. 296. 695. 316.]0
[617. 800. 338. 445.]0
[677. 438. 556. 636.]0
[703.  64. 482. 667.]0
[ 34. 469. 141. 714.]0
[581. 760. 152. 726.]0
[119. 474. 434. 265.]0
[682. 469. 628. 362.]0
[683.  16. 145. 436.]0
[352. 661. 375.  43.]0
[181. 204. 280. 342.]0
[523.  41. 470. 438.]0
[125. 608.  94.  15.]0
[148. 764. 301. 402.]0
[586. 623.  45. 120.]1
[605. 233.  99. 426.]1
[383.  96. 147. 345.]0
[ 53. 361. 451.  43.]0
[ 48. 106. 715. 461.]0
[617. 342. 347. 733.]0
[ 20. 779. 339. 293.]0
[321.  60. 381. 703.]0
[618. 784. 383. 438.]0
[566. 703. 472. 718.]0
[399. 244. 687. 741.]0
[586. 351. 628. 106.]0
[ 93. 362. 380. 342.]0
[334. 358. 451. 123.]0
[103. 455. 425. 639.]0
[617. 159. 647. 379.]0
[ 20. 700. 380.  61.]0
[ 12. 778.  50. 320.]0
[145.  70. 339. 711.]0
[151. 234. 152. 740.]0
[478. 329. 123. 515.]0
[ 49. 800. 700. 625.]0
[347. 279. 123. 262.]0
[129. 527. 203. 617.]1
[177. 701. 194. 438.]0
[486. 515. 365. 650.]0
[129. 401. 221. 438.]0
[ 93. 362. 380. 534.]0
[105. 361. 464. 445.]0
[618. 575. 335. 522.]0
[ 53. 361. 635. 298.]0
[ 53. 361. 176.  55.]0
[103. 743. 324. 351.]0
[709. 339. 109. 725.]1
[460. 136. 459. 403.]0
[ 20. 771. 686. 742.]0
[103. 298. 701. 272.]0
[471.  89. 110. 340.]1
[ 32. 320. 322. 391.]0
[106. 775. 515. 218.]0
[245. 330. 338. 208.]0
[687.  15. 513. 176.]0
[663. 126. 467. 638.]0
[383.  16. 209. 549.]0
[129. 400.  55. 353.]1
[ 48. 211. 617. 725.]0
[618. 782. 328. 470.]0
[ 22.  70.  66. 498.]0
[400. 768. 665. 639.]0
[466. 534.  46. 550.]1
[ 12. 239. 631. 319.]0
[691. 768. 444.  89.]0
[462. 469.  41.  39.]0
[122. 342. 408. 253.]0
[ 42. 590. 365. 326.]0
[129. 653. 457. 280.]0
[676. 469.  67.  73.]0
[478.  31.  50. 158.]1
[127. 767. 123. 531.]0
[470. 570. 532. 667.]0
[557. 469. 334. 237.]0
[154. 706. 513.  90.]0
[104.  56. 123. 472.]0
[261. 467. 203.  15.]1
[437. 700. 448. 398.]0
[129. 575. 481.  83.]0
[703. 241. 552. 639.]0
[618. 455. 597. 420.]0
[210.  43.  73. 640.]1
[147. 715. 158. 211.]0
[119. 272.  50. 115.]0
[ 98. 403. 603. 351.]0
[418. 211. 617. 498.]0
[618. 782. 372. 693.]0
[618. 795. 380. 434.]0
[154. 245.  46. 307.]1
[399. 528.  50.  27.]0
[ 48. 263. 627.  15.]0
[387. 670. 534.  73.]0
[115. 625. 457. 185.]0
[616. 140. 545. 638.]0
[451. 469. 715. 244.]0
[154. 233. 203. 741.]0
[163. 351. 628. 480.]0
[618. 552. 414. 704.]0
[ 36.  48. 408. 665.]0
[ 48. 373. 715. 468.]0
[134. 393. 123. 398.]0
[ 70.  16. 145.  43.]0
[509.  15.  46. 310.]1
[129.   8. 152. 496.]0
[303.  88. 507.  90.]0
[478. 644.  55. 353.]1
[129. 581.  54. 354.]1
[533. 527. 122. 541.]1
[211. 693. 126.  69.]0
[207. 725. 152. 534.]0
[483. 379. 166. 639.]0
[104.  56. 123. 472.]0
[510.  50. 182. 342.]0
[118. 207. 714. 541.]0
[129. 223. 627. 609.]0
[128. 618. 164. 639.]1
[371. 450. 164.  39.]1
[379. 469. 207. 744.]0
[129. 432. 203.  15.]1
[418. 724. 350. 187.]0
[383.  16. 418. 577.]0
[617.  16. 711. 434.]0
[456. 528. 634. 342.]0
[ 28. 800. 420. 714.]0
[104.  56. 123. 472.]0
[ 59.  16. 163. 721.]0
[339. 718. 123. 275.]0
[ 98. 680. 649. 439.]0
[115. 263. 381. 353.]0
[383.  16. 520. 183.]0
[498. 351. 628. 409.]0
[703. 207.  45. 530.]1
[618. 400.  94. 631.]1
[618. 410.  50. 224.]1
[ 47. 480. 688. 114.]0
[562. 532.   7.  88.]1
[478. 701. 296. 438.]0
[612. 460.  52. 252.]1
[682. 332.  71.  61.]1
[513. 485. 350. 447.]0
[432. 683. 121. 644.]1
[649. 559. 122. 423.]1
[154. 706. 131. 726.]0
[431.  70. 123. 366.]0
[709. 724. 256. 744.]0
[173. 724. 284. 435.]0
[397. 212. 122. 154.]1
[154. 551. 397. 402.]1
[ 97. 584.  45. 726.]0
[618. 254.   3. 639.]1
[589. 789. 123. 698.]0
[708. 266. 166.  43.]0
[177.  60. 339. 425.]1
[679. 122. 714. 327.]0
[  0. 334. 675. 726.]0
[ 44. 403. 166. 402.]0
[129. 507.  98. 706.]1
[478. 780. 628. 102.]0
[115. 327.  87.  90.]0
[437. 279. 123. 429.]0
[584. 707. 208. 266.]0
[220. 368.  91. 354.]1
[618. 757. 533. 356.]0
[401. 626.  58. 639.]1
[586.  88. 596.  90.]0
[127. 431. 651. 639.]0
[655. 794. 203.  39.]0
[592.  70. 240. 685.]0
[ 43. 800. 324.  43.]0
[ 53. 421. 174. 446.]0
[397. 212.  52. 639.]1
[198. 771. 305.  15.]0
[518. 724. 623. 431.]0
[693. 709. 159. 484.]0
[520. 346. 122. 318.]1
[625. 776. 340. 438.]0
[709. 776. 512. 157.]0
[129. 556. 599. 159.]0
[430. 211. 617. 212.]0
[ 63.  38. 540.  13.]0
[678. 140. 692. 638.]0
[618. 440. 309. 729.]0
[400. 172.  50. 151.]1
[559. 710. 627.  15.]0
[272. 247. 203. 354.]0
[612. 448. 551. 667.]0
[375. 724. 623. 741.]0
[704. 362. 452.  73.]0
[660.  88. 360. 282.]0
[384. 216. 622. 438.]0
[  0. 547. 164.  13.]1
[ 28. 800. 339.  92.]1
[575.  70. 397. 454.]0
[618. 782. 438. 438.]0
[617. 113. 470. 457.]0
[ 66. 691. 715. 135.]0
[625.  83. 437.  55.]0
[315. 627.  80. 579.]0
[248.  28. 687. 336.]0
[701. 724. 628.  71.]0
[417.  60. 535. 328.]0
[ 68. 778. 339. 408.]0
[309.  70. 426. 283.]0
[ 98. 768. 602. 576.]0
[618. 782. 488. 310.]0
[618. 402. 457.  43.]0
[127. 655. 384. 436.]0
[709. 328. 267. 342.]0
[202. 725.  89.  74.]1
[690. 768. 613. 127.]0
[400. 361. 628. 692.]0
[187. 573. 418. 112.]0
[553. 558. 580.  13.]0
[653. 794.  55. 353.]1
[ 98.  62. 606.  50.]0
[238. 800.   0. 305.]1
[483. 724. 529. 453.]0
[137.  70. 615. 643.]0
[486. 581.  94. 598.]1
[457.  38. 339. 180.]0
[682. 348.  55. 703.]1
[489. 145. 152. 117.]0
[ 48.  55. 627. 643.]0
[  0. 159. 678. 443.]0
[387. 323. 301. 330.]0
[155. 394. 152. 445.]0
[352. 579. 705.  43.]0
[168. 468. 457. 330.]0
[371. 253. 152. 574.]0
[328. 414.  50. 703.]1
[680. 510. 381. 353.]1
[236. 279. 142. 119.]0
[439. 362.  90. 703.]1
[129. 677.  46. 301.]1
[640. 594. 296. 571.]0
[ 48.  90. 360. 741.]0
[479. 703. 285. 381.]0
[618. 731. 204. 639.]0
[685. 771. 686. 136.]0
[234. 724. 628. 255.]0
[353.  70. 514. 271.]0
[617. 653. 457.  69.]0
[445. 749.  45.  57.]0
[528. 362. 451.  90.]0
[129. 511. 203.  96.]1
[471. 724. 623. 639.]0
[617. 800. 686.  68.]0
[492. 701. 468.  73.]0
[478. 587.  91.  61.]1
[296. 546. 612. 140.]0
[115. 328. 125.  30.]0
[618. 417. 628. 309.]1
[160. 454. 365. 128.]0
[103. 413. 695. 659.]0
[709. 211. 617. 403.]0
[500. 306. 100. 319.]1
[317. 488. 123. 572.]0
